4294967278,8
4294967278,7
4294967278,6
4294967278,5
4294967278,4
4294967279,132
4294967279,131
4294967279,130
4294967279,129
4294967279,128
4294967279,127
4294967279,126
4294967279,125
4294967279,124
4294967279,123
4294967279,122
4294967279,121
4294967279,120
4294967279,119
4294967279,118
4294967279,117
4294967278,37
4294967278,36
4294967278,35
4294967278,34
4294967278,33
4294967278,32
4294967278,31
4294967278,30
4294967278,29
4294967278,28
4294967278,27
4294967278,26
4294967278,25
4294967278,24
4294967278,23
4294967278,22
4294967278,21
4294967278,20
4294967278,284
4294967278,19
4294967278,18
4294967278,17
4294967278,16
4294967278,15
4294967278,271
4294967278,14
4294967278,13
4294967278,282
4294967278,12
4294967278,266
4294967278,11
4294967278,10
4294967278,9
4294967279,22
4294967279,20
4294967279,266
4294967279,18
4294967279,17
4294967279,15
4294967279,14
4294967279,11
4294967278,197
4294967278,195
4294967278,347
4294967278,346
4294967279,532
4294967278,345
4294967278,191
4294967279,531
4294967278,190
4294967278,344
4294967278,189
4294967278,188
4294967278,185
4294967278,187
26,5
26,4
4294967278,186
26,3
26,2
26,1
4294967278,343
4294967278,184
4294967278,183
4294967278,182
4294967278,181
4294967278,342
4294967279,530
4294967278,341
4294967278,177
4294967294,387
4294967294,1094
4294967279,529
4294967278,176
4294967278,340
4294967278,175
4294967278,173
4294967278,170
4294967278,172
24,5
24,4
4294967278,171
24,3
24,2
24,1
4294967278,339
4294967278,169
4294967278,168
4294967278,167
4294967294,436
4294967278,166
4294967278,338
4294967278,162
4294967279,528
4294967278,161
4294967278,160
4294967278,159
4294967278,156
4294967278,158
22,5
22,4
4294967278,157
22,3
22,2
22,1
4294967278,337
4294967294,1003
4294967294,419
4294967294,179
4294967294,1005
4294967294,1011
4294967294,162
4294967278,155
4294967278,154
4294967279,527
4294967278,153
4294967278,152
4294967278,336
4294967294,392
4294967294,388
4294967294,115
4294967294,397
4294967294,408
4294967294,412
4294967294,147
4294967294,177
4294967294,385
4294967294,406
4294967294,405
4294967294,414
4294967294,1004
4294967294,402
4294967294,110
4294967294,118
4294967294,113
4294967294,407
4294967294,116
4294967294,111
4294967279,526
4294967279,525
20,6
4294967278,335
4294967278,334
4294967279,524
4294967294,38
4294967294,37
4294967294,149
4294967278,333
4294967279,523
20,5
20,4
20,3
20,2
20,1
4294967279,522
4294967294,40
4294967278,332
4294967294,41
4294967294,43
4294967278,331
4294967278,330
18,6
4294967294,1420
4294967294,1419
4294967294,44
4294967294,45
4294967279,267
18,5
4294967294,416
18,4
18,3
18,2
18,1
4294967279,265
4294967294,114
4294967294,53
4294967279,264
4294967294,120
4294967279,276
4294967279,262
17,5
4294967294,82
4294967294,91
4294967294,88
4294967294,87
4294967294,85
4294967279,275
4294967294,89
4294967278,329
17,4
4294967279,258
17,3
17,2
17,1
4294967279,521
4294967294,92
4294967279,257
4294967294,99
4294967279,254
4294967279,520
4294967279,281
16,5
4294967294,107
4294967279,253
4294967278,258
4294967279,519
16,4
4294967278,257
16,3
16,2
16,1
4294967278,328
4294967279,518
4294967278,327
4294967279,517
4294967278,326
4294967294,386
4294967279,516
4294967279,515
4294967278,325
4294967278,324
4294967279,514
15,5
4294967278,323
4294967279,513
4294967278,322
15,4
4294967279,512
15,3
15,2
15,1
4294967279,319
4294967278,254
0,7
4294967294,468
4294967279,318
4294967278,321
4294967279,317
4294967294,418
4294967294,150
4294967294,426
4294967278,251
4294967278,250
4294967278,252
4294967279,316
4294967279,315
4294967278,249
4294967294,5
4294967294,393
4294967279,314
4294967279,0
4294967278,247
4294967278,245
4294967294,469
4294967294,389
4294967294,423
4294967278,241
4294967278,240
4294967278,243
4294967278,239
4294967279,313
4294967278,320
4294967278,319
4294967278,260
4294967278,0
4294967279,312
4294967294,1097
4294967278,233
4294967278,232
4294967278,235
4294967278,231
4294967278,229
4294967278,227
4294967278,225
4294967294,46
4294967294,1
4294967294,2
4294967278,221
4294967278,220
4294967278,223
4294967294,999
4294967294,1000
4294967294,185
4294967278,219
4294967294,0
4294967294,151
4294967294,50
4294967294,90
4294967294,86
4294967294,84
4294967294,29
4294967294,128
4294967294,28
4294967294,1016
4294967294,27
4294967294,395
4294967294,24
4294967294,17
4294967294,42
4294967294,76
4294967294,36
4294967294,39
4294967294,51
4294967294,52
4294967294,25
4294967294,1017
4294967294,26
4294967294,96
4294967294,94
4294967294,9
4294967294,8
4294967294,7
4294967278,217
4294967294,6
4294967294,93
4294967294,95
4294967294,81
4294967294,67
4294967294,68
4294967294,11
4294967278,214
4294967278,132
4294967278,131
4294967278,130
4294967278,129
4294967278,128
4294967278,127
